[perceptron]
expected_mean = 0.04067467862806938
expected_std = 1.0036934697442776
random_seed = 8
vector_size = 100
disable_assertion = true
label_1 = 508
label_2 = 492
epochs = 20
learning_rate = 0.01
[test]
